0.000310897827148
0.000217199325562
0.000251054763794
0.000241994857788
0.000244140625
0.000242948532104
0.000237941741943
0.000246047973633
0.000264883041382
0.00028395652771
0.000740051269531
0.000566959381104
0.000591039657593
0.000343084335327
0.000237941741943
0.00071907043457
0.000585079193115
0.000585079193115
0.000342845916748
0.000237226486206
0.000241041183472
0.000220060348511
0.000237941741943
0.000273942947388
0.000272035598755
0.000266075134277
0.000246047973633
0.000216960906982
0.000242948532104
0.000242948532104
0.000543117523193
0.00048303604126
0.00049090385437
0.000388145446777
0.000247001647949
0.000529050827026
0.000481128692627
0.000480890274048
0.000375032424927
0.000242948532104
0.000263929367065
0.00023889541626
0.000265121459961
0.000263929367065
0.000685930252075
0.000514984130859
0.000514984130859
0.000309228897095
0.000216960906982
0.000649929046631
0.000524997711182
0.000507116317749
0.000308990478516
0.000216007232666
0.000249862670898
0.000243902206421
0.000242948532104
0.000241994857788
0.000663042068481
0.000586032867432
0.000555992126465
0.000385999679565
0.00021505355835
0.00065803527832
0.000558853149414
0.000575065612793
0.00038480758667
0.00021505355835
9.89437103271e-05
7.79628753662e-05
0.000530958175659
0.000594139099121
0.000805854797363
0.000454902648926
7.70092010498e-05
7.91549682617e-05
0.000243902206421
0.000238180160522
0.000262975692749
0.000263929367065
0.000629901885986
0.000593900680542
0.000580072402954
0.000399112701416
0.000223875045776
0.000593185424805
0.000588893890381
0.000580072402954
0.00041389465332
0.000231981277466
0.000221014022827
0.000471115112305
0.00049090385437
0.000530004501343
0.000380992889404
0.000236988067627
0.000402212142944
0.000399112701416
0.000226020812988
0.000216007232666
0.000776052474976
0.000752210617065
0.000684976577759
8.01086425781e-05
6.98566436768e-05
0.000471115112305
0.000489950180054
0.000528812408447
0.000370025634766
0.000241041183472
0.000777006149292
0.000750064849854
0.000684976577759
8.08238983154e-05
0.000486850738525
0.000500917434692
0.000524044036865
0.000370979309082
0.000240802764893
0.000468969345093
0.00049090385437
0.000523090362549
0.000362873077393
0.000239849090576
0.000465869903564
0.000489950180054
0.000534057617188
0.000363111495972
0.000240087509155
0.000508069992065
0.000219106674194
0.000264883041382
0.000391006469727
0.000221967697144
0.000219106674194
0.00073504447937
0.000770807266235
0.000694990158081
8.20159912109e-05
7.29560852051e-05
0.000469923019409
0.000499963760376
0.000527143478394
0.000367879867554
0.000240087509155
0.000737905502319
0.000763177871704
0.000684022903442
8.10623168945e-05
0.00046706199646
0.000487089157104
0.000539064407349
0.000364065170288
0.000236034393311
0.000478982925415
0.000492095947266
0.000524044036865
0.000359058380127
0.000236988067627
0.000469207763672
0.000491857528687
0.000541925430298
0.000365018844604
0.000237226486206
0.000487089157104
0.000217914581299
0.000216007232666
0.000752210617065
0.000756025314331
0.000705003738403
7.9870223999e-05
7.20024108887e-05
0.000473022460938
0.000488042831421
0.000523090362549
0.000366926193237
0.000241041183472
0.000734806060791
0.000761985778809
0.000678062438965
9.29832458496e-05
0.000465154647827
0.000485897064209
0.000522136688232
0.000361919403076
0.000238180160522
0.000503063201904
0.000491857528687
0.000530958175659
0.000365018844604
0.000239133834839
0.00051212310791
0.000489950180054
0.000528812408447
0.000414848327637
0.000242948532104
0.000405073165894
0.000223159790039
0.000249862670898
0.00079607963562
0.000793933868408
0.000735998153687
8.9168548584e-05
7.89165496826e-05
0.000506162643433
0.000524044036865
0.000573873519897
0.000396966934204
0.000257968902588
0.000781059265137
0.000792980194092
0.000717163085938
8.29696655273e-05
0.00046706199646
0.000581979751587
0.000580787658691
0.00036883354187
0.000241041183472
0.000482082366943
0.000522136688232
0.000524044036865
0.00036096572876
0.000239133834839
0.000504970550537
0.000491142272949
0.000523090362549
0.000363111495972
0.000239133834839
0.000491857528687
0.000222206115723
0.000216960906982
0.000752925872803
0.000774145126343
0.000687122344971
8.10623168945e-05
7.20024108887e-05
0.000469207763672
0.000485897064209
0.00052809715271
0.000385999679565
0.000241041183472
0.000759124755859
0.000745058059692
0.000678062438965
8.01086425781e-05
0.000471830368042
0.000485897064209
0.000523090362549
0.000437021255493
0.000291109085083
0.000477075576782
0.000499963760376
0.000561952590942
0.000401973724365
0.000271081924438
0.000468969345093
0.000488996505737
0.00052285194397
0.000378131866455
0.000240087509155
0.000223875045776
0.000233173370361
0.000756025314331
0.000741004943848
0.00068211555481
8.10623168945e-05
7.29560852051e-05
0.000468969345093
0.000494003295898
0.000524044036865
0.000368118286133
0.000241994857788
0.000730991363525
0.000742197036743
0.000705003738403
8.10623168945e-05
0.000494956970215
0.000488042831421
0.000554084777832
0.000387907028198
0.000238180160522
0.000471115112305
0.00049090385437
0.00052285194397
0.000384092330933
0.000252962112427
0.000468969345093
0.000493049621582
0.000525951385498
0.000360012054443
0.000239133834839
0.000225067138672
0.000216007232666
0.000266075134277
0.000262975692749
0.000553131103516
0.000494003295898
0.000458002090454
0.00036096572876
0.000256061553955
0.000524997711182
0.00049090385437
0.000457048416138
0.000361204147339
0.000238180160522
0.000242948532104
0.000247955322266
0.000399112701416
0.000221967697144
0.000220775604248
0.000753879547119
0.00074315071106
0.000693082809448
9.3936920166e-05
7.48634338379e-05
0.000472068786621
0.000530004501343
0.000524997711182
0.000389814376831
0.000246047973633
0.000729084014893
0.000741004943848
0.00070595741272
8.20159912109e-05
0.000468969345093
0.000488996505737
0.000524044036865
0.000362873077393
0.000239849090576
0.000468969345093
0.000485897064209
0.000526905059814
0.000384092330933
0.000240087509155
0.000465869903564
0.000488996505737
0.00053596496582
0.000369071960449
0.000240087509155
0.000491142272949
0.000219106674194
0.000227928161621
0.000734090805054
0.000745058059692
0.000683069229126
8.10623168945e-05
7.31945037842e-05
0.000469923019409
0.000489950180054
0.000529050827026
0.000373125076294
0.000241994857788
0.000749111175537
0.000757932662964
0.000709772109985
8.20159912109e-05
0.000473022460938
0.000488996505737
0.00052809715271
0.000363826751709
0.000239133834839
0.000471115112305
0.000488996505737
0.000524997711182
0.000360012054443
0.000239133834839
0.000469923019409
0.000498056411743
0.000524997711182
0.000381946563721
0.000239849090576
0.00022292137146
0.000217914581299
0.000731229782104
0.000757932662964
0.000684022903442
0.000107049942017
7.29560852051e-05
0.000471830368042
0.00049090385437
0.000525951385498
0.000368118286133
0.000241994857788
0.000730991363525
0.00074291229248
0.000688076019287
8.20159912109e-05
0.000468015670776
0.000489950180054
0.000524997711182
0.000382900238037
0.000240087509155
0.000491857528687
0.000499963760376
0.000530004501343
0.000364065170288
0.000242948532104
0.000470876693726
0.000494003295898
0.000524044036865
0.00036096572876
0.000240087509155
0.000218868255615
0.000217199325562
0.000263929367065
0.000267028808594
0.000526905059814
0.000489950180054
0.000460147857666
0.000371932983398
0.000236988067627
0.000519037246704
0.000540971755981
0.000481843948364
0.000395059585571
0.000261068344116
0.00025200843811
0.000241994857788
0.000813007354736
0.00081205368042
0.000692129135132
8.39233398438e-05
7.70092010498e-05
0.000522136688232
0.000521183013916
0.000524997711182
0.000366926193237
0.000241994857788
0.00074291229248
0.000808000564575
0.000718116760254
8.39233398438e-05
0.000502109527588
0.000524997711182
0.00055980682373
0.000367879867554
0.00025200843811
0.000469923019409
0.000493049621582
0.000523090362549
0.000369071960449
0.000245094299316
0.000468969345093
0.000500202178955
0.000524044036865
0.000381946563721
0.000241994857788
0.000219821929932
0.000216007232666
0.000266075134277
0.000262022018433
0.000536203384399
0.000511884689331
0.000458002090454
0.000361919403076
0.000236988067627
0.000519990921021
0.000489950180054
0.000458002090454
0.000360012054443
0.000243902206421
0.000401973724365
0.000223875045776
0.000219821929932
0.000743865966797
0.000759124755859
0.000707864761353
8.29696655273e-05
8.01086425781e-05
0.00047492980957
0.000491857528687
0.000527858734131
0.000369071960449
0.000241994857788
0.000741004943848
0.000749826431274
0.000699043273926
8.48770141602e-05
0.000472068786621
0.000489950180054
0.000524044036865
0.000368118286133
0.000240087509155
0.000469923019409
0.00049090385437
0.000527143478394
0.00036096572876
0.000239849090576
0.000485897064209
0.00049090385437
0.000523090362549
0.000385046005249
0.000249862670898
0.000488996505737
0.000231981277466
0.000217914581299
0.000747919082642
0.000799894332886
0.000741958618164
8.6784362793e-05
7.48634338379e-05
0.000472068786621
0.000492095947266
0.000525951385498
0.000416994094849
0.000267028808594
0.000732898712158
0.000748157501221
0.000684022903442
8.10623168945e-05
0.000468969345093
0.00051212310791
0.000549077987671
0.000366926193237
0.000240087509155
0.000466823577881
0.000488996505737
0.000520944595337
0.000360012054443
0.000238180160522
0.000471115112305
0.000512838363647
0.000529050827026
0.000361919403076
0.000237941741943
0.000220060348511
0.000234842300415
0.000730991363525
0.000739812850952
0.000692844390869
8.32080841064e-05
7.29560852051e-05
0.000471115112305
0.000488996505737
0.000529050827026
0.000367879867554
0.000241041183472
0.00075101852417
0.000746011734009
0.000801086425781
8.70227813721e-05
0.000484943389893
0.000488042831421
0.000524044036865
0.000365018844604
0.000239849090576
0.000468015670776
0.000489950180054
0.000537157058716
0.00037693977356
0.000238180160522
0.00046706199646
0.000489950180054
0.000522136688232
0.000360012054443
0.000239849090576
0.000220060348511
0.000216007232666
0.000263929367065
0.000278949737549
0.000524044036865
0.000514984130859
0.000459909439087
0.000362157821655
0.00025486946106
0.000520944595337
0.000488042831421
0.000457048416138
0.000368118286133
0.000239849090576
0.000219106674194
0.000216960906982
0.000730991363525
0.000747203826904
0.000684976577759
8.08238983154e-05
7.20024108887e-05
0.000469923019409
0.000498056411743
0.000525951385498
0.000366926193237
0.000240087509155
0.000746011734009
0.000741004943848
0.000683069229126
8.10623168945e-05
0.000478982925415
0.000489950180054
0.000523090362549
0.000363111495972
0.000237941741943
0.000470876693726
0.000488996505737
0.000524044036865
0.000361919403076
0.000241994857788
0.000469923019409
0.000507116317749
0.000521898269653
0.000360012054443
0.000237941741943
0.000218152999878
0.000226020812988
0.000277042388916
0.000283002853394
0.000538110733032
0.000494956970215
0.000456809997559
0.000365972518921
0.000237941741943
0.000519990921021
0.000487804412842
0.000453948974609
0.000359058380127
0.000237941741943
0.000218868255615
0.000224828720093
0.000731945037842
0.000741004943848
0.000679969787598
7.9870223999e-05
8.10623168945e-05
0.000479936599731
0.000513076782227
0.000524044036865
0.000392913818359
0.000240802764893
0.000730037689209
0.000754833221436
0.000695943832397
9.3936920166e-05
0.000466108322144
0.000488042831421
0.000527858734131
0.000365018844604
0.000239849090576
0.000468969345093
0.000488042831421
0.000523090362549
0.000359058380127
0.000237941741943
0.000506162643433
0.000523805618286
0.000546932220459
0.000379085540771
0.000240087509155
0.000217914581299
0.000216007232666
0.000262975692749
0.000262022018433
0.000524044036865
0.000488042831421
0.000455141067505
0.000365018844604
0.000236988067627
0.000520944595337
0.000678062438965
0.000493049621582
0.00038480758667
0.000253915786743
0.000243902206421
0.000228881835938
0.0002601146698
0.000264883041382
0.00058913230896
0.00056004524231
0.000540971755981
0.000402927398682
0.000261068344116
0.000558853149414
0.000521898269653
0.000535011291504
0.000378847122192
0.000243902206421
7.60555267334e-05
0.000242948532104
0.000241041183472
0.000391960144043
0.000241994857788
0.000216960906982
0.000735998153687
0.000766038894653
0.000710964202881
8.10623168945e-05
7.39097595215e-05
0.000469923019409
0.000488996505737
0.000524997711182
0.000365018844604
0.000241041183472
0.000734090805054
0.000741958618164
0.00068211555481
7.9870223999e-05
0.000468015670776
0.000487089157104
0.000524044036865
0.000362157821655
0.00023889541626
0.000495910644531
0.000489950180054
0.000519990921021
0.000358104705811
0.000236988067627
0.000471115112305
0.000486135482788
0.000520944595337
0.000358104705811
0.00023889541626
0.000494003295898
0.00022292137146
0.000216007232666
0.000733137130737
0.000741958618164
0.000681161880493
7.89165496826e-05
7.20024108887e-05
0.000470876693726
0.000492095947266
0.000524997711182
0.000383138656616
0.000242948532104
0.000735998153687
0.000741958618164
0.000683069229126
8.01086425781e-05
0.000478029251099
0.00049090385437
0.000523805618286
0.000365018844604
0.000239849090576
0.000466823577881
0.000487804412842
0.000518798828125
0.000360012054443
0.000239849090576
0.000473976135254
0.000504970550537
0.000521898269653
0.000358104705811
0.000237941741943
0.000221967697144
0.000216960906982
0.000730991363525
0.000743865966797
0.000683069229126
7.9870223999e-05
7.20024108887e-05
0.000468969345093
0.000494956970215
0.000524044036865
0.000364065170288
0.000241041183472
0.000730991363525
0.000746965408325
0.000683069229126
8.01086425781e-05
0.000484943389893
0.000488042831421
0.000521183013916
0.000364065170288
0.000236988067627
0.000468969345093
0.000495910644531
0.000526189804077
0.000360012054443
0.000239849090576
0.000473022460938
0.000488042831421
0.000545978546143
0.000360012054443
0.000236988067627
0.000219106674194
0.000217914581299
0.000263929367065
0.000262975692749
0.000541925430298
0.00049090385437
0.000458955764771
0.000360012054443
0.000237941741943
0.000521183013916
0.000488996505737
0.000468015670776
0.000380992889404
0.000238180160522
0.000220060348511
0.000219106674194
0.000735998153687
0.00075101852417
0.000684022903442
7.9870223999e-05
7.29560852051e-05
0.00047492980957
0.000499963760376
0.000550031661987
0.000365972518921
0.000241041183472
0.000756025314331
0.000740051269531
0.000686883926392
8.08238983154e-05
0.00046706199646
0.000502109527588
0.00053596496582
0.000362157821655
0.000237941741943
0.000471115112305
0.000487089157104
0.000530958175659
0.000361204147339
0.000237941741943
0.000470161437988
0.000488042831421
0.000540018081665
0.000360012054443
0.000237941741943
0.000219106674194
0.000216960906982
0.000264883041382
0.000262975692749
0.000529050827026
0.000489950180054
0.000463008880615
0.000358819961548
0.000236988067627
0.000522136688232
0.000494956970215
0.000456094741821
0.000359058380127
0.000239849090576
0.000220775604248
0.000216007232666
0.000748872756958
0.000741004943848
0.00068187713623
8.01086425781e-05
7.29560852051e-05
0.000490188598633
0.000488042831421
0.000533103942871
0.000367879867554
0.000240087509155
0.000870943069458
0.000751972198486
0.000741958618164
8.89301300049e-05
0.000524997711182
0.000492095947266
0.000520944595337
0.000365018844604
0.000239849090576
0.000468969345093
0.000507116317749
0.000533103942871
0.00037693977356
0.000238180160522
0.000471115112305
0.000489950180054
0.000521183013916
0.000362873077393
0.000241041183472
0.000219106674194
0.000216007232666
0.000266075134277
0.000263214111328
0.000526905059814
0.000499963760376
0.000465154647827
0.000360012054443
0.000236988067627
0.000520944595337
0.000490188598633
0.000453948974609
0.000359058380127
0.000236988067627
0.000262975692749
0.000227928161621
0.000249862670898
0.000242948532104
0.000543117523193
0.000520944595337
0.000506162643433
0.00037693977356
0.000242948532104
0.000540971755981
0.00052809715271
0.000514984130859
0.000381946563721
0.000242948532104
0.000221967697144
0.000218152999878
0.000735998153687
0.000744104385376
0.000708103179932
8.10623168945e-05
7.31945037842e-05
0.000482082366943
0.000493049621582
0.000523090362549
0.000365972518921
0.000241041183472
0.000750780105591
0.000741958618164
0.000688076019287
8.20159912109e-05
0.000466108322144
0.000488042831421
0.000524044036865
0.000362873077393
0.000248908996582
0.000476837158203
0.00049090385437
0.000524997711182
0.000392913818359
0.000257015228271
0.000500917434692
0.000524997711182
0.000556945800781
0.000384092330933
0.00025486946106
0.000234127044678
0.000232934951782
0.000286102294922
0.000282049179077
0.000578880310059
0.000526189804077
0.000489950180054
0.000385999679565
0.000257015228271
0.000558853149414
0.000524997711182
0.000480890274048
0.000389814376831
0.000239849090576
0.000216007232666
0.000211954116821
0.000243902206421
0.000241994857788
0.000541925430298
0.000524997711182
0.00050687789917
0.000380992889404
0.000242948532104
0.000566005706787
0.000524044036865
0.000504970550537
0.000378131866455
0.000242948532104
0.000399112701416
0.000224113464355
0.000218868255615
0.00075888633728
0.000766038894653
0.000685930252075
8.10623168945e-05
7.29560852051e-05
0.000472068786621
0.000491142272949
0.000526905059814
0.000368118286133
0.000246047973633
0.000731945037842
0.000741004943848
0.00068998336792
7.9870223999e-05
0.00046706199646
0.000485181808472
0.000524044036865
0.000367879867554
0.000239849090576
0.000487089157104
0.000492095947266
0.000519990921021
0.000360012054443
0.000236988067627
0.000468015670776
0.000492095947266
0.000531911849976
0.000365972518921
0.000239849090576
0.000493049621582
0.000221014022827
0.000216960906982
0.000736951828003
0.000782012939453
0.000680923461914
8.51154327393e-05
7.29560852051e-05
0.000491857528687
0.000491857528687
0.000545978546143
0.000370979309082
0.000242948532104
0.00074291229248
0.000745058059692
0.000699996948242
8.29696655273e-05
0.000469923019409
0.000487804412842
0.000527143478394
0.000363826751709
0.000237941741943
0.00046706199646
0.000489950180054
0.000530958175659
0.000363111495972
0.000237941741943
0.000469207763672
0.000509977340698
0.000525951385498
0.00036096572876
0.000236988067627
0.000218868255615
0.000216960906982
0.000763177871704
0.000772953033447
0.00068211555481
8.10623168945e-05
7.20024108887e-05
0.000472068786621
0.000489950180054
0.000524997711182
0.000387191772461
0.000246047973633
0.000740051269531
0.000766038894653
0.000703096389771
8.10623168945e-05
0.00046706199646
0.000490188598633
0.000524997711182
0.000372886657715
0.000241041183472
0.000469923019409
0.000488042831421
0.000521898269653
0.000362157821655
0.000239849090576
0.000466823577881
0.000491857528687
0.000524997711182
0.00036096572876
0.00023889541626
0.000218152999878
0.000216007232666
0.000262975692749
0.000260829925537
0.000541925430298
0.000491142272949
0.000456094741821
0.00036096572876
0.000236034393311
0.000524997711182
0.00049090385437
0.000457048416138
0.000360012054443
0.000236988067627
0.000219106674194
0.000216007232666
0.000748872756958
0.000755071640015
0.000688791275024
8.08238983154e-05
7.29560852051e-05
0.000489950180054
0.000488042831421
0.000527143478394
0.00036883354187
0.0002601146698
0.000749111175537
0.000746011734009
0.000688076019287
8.08238983154e-05
0.000645160675049
0.000526189804077
0.000560998916626
0.000389099121094
0.00025486946106
0.000505924224854
0.000524044036865
0.000558853149414
0.000388145446777
0.000256061553955
0.000504016876221
0.000522136688232
0.000559091567993
0.000396966934204
0.000257968902588
0.000235080718994
0.000231981277466
0.000285863876343
0.000284194946289
0.000563144683838
0.000525951385498
0.000488996505737
0.000386953353882
0.000256061553955
0.000565052032471
0.000525951385498
0.00049090385437
0.000386953353882
0.00025486946106
0.000237941741943
0.000235080718994
0.000787019729614
0.000830173492432
0.000762939453125
9.20295715332e-05
7.89165496826e-05
0.000502824783325
0.000545978546143
0.000566005706787
0.000392913818359
0.000257968902588
0.000815153121948
0.000802993774414
0.000730037689209
8.70227813721e-05
0.000500917434692
0.000523805618286
0.000560998916626
0.000391006469727
0.000259876251221
0.000504016876221
0.000523090362549
0.000562906265259
0.000386953353882
0.000252962112427
0.000494003295898
0.000495910644531
0.000526905059814
0.000364065170288
0.000241041183472
0.000221967697144
0.000217199325562
0.000265836715698
0.000262975692749
0.00052285194397
0.000511169433594
0.000458002090454
0.00036096572876
0.000236988067627
0.000547885894775
0.00049614906311
0.000458955764771
0.000360012054443
0.000237941741943
0.000219106674194
0.000213861465454
0.000243186950684
0.000243186950684
0.000545024871826
0.000527143478394
0.000534057617188
0.000381946563721
0.000246047973633
0.000545024871826
0.000521183013916
0.000510931015015
0.000377893447876
0.000244140625
0.000221014022827
0.000218152999878
0.000754833221436
0.000741004943848
0.000684976577759
8.08238983154e-05
7.20024108887e-05
0.000473022460938
0.000491142272949
0.000548839569092
0.000377893447876
0.000246047973633
0.000732183456421
0.000741958618164
0.000685930252075
8.20159912109e-05
0.000468969345093
0.000489950180054
0.000530004501343
0.000364065170288
0.000246047973633
0.000478029251099
0.000499963760376
0.000523805618286
0.000358819961548
0.000238180160522
0.000472068786621
0.000494956970215
0.000521183013916
0.000360012054443
0.000237941741943
0.000219106674194
0.000216007232666
0.000266075134277
0.000265121459961
0.000524044036865
0.000494003295898
0.000458002090454
0.00036883354187
0.00023889541626
0.000519990921021
0.000507116317749
0.000458955764771
0.000362157821655
0.000236988067627
0.000216007232666
0.000211000442505
0.000242948532104
0.000242948532104
0.000549077987671
0.000527858734131
0.000507116317749
0.000380039215088
0.000245094299316
0.00054407119751
0.000529050827026
0.000507116317749
0.000377893447876
0.000241994857788
0.000224828720093
0.000218152999878
0.000733852386475
0.00079083442688
0.000701904296875
8.01086425781e-05
7.20024108887e-05
0.000470161437988
0.00049090385437
0.00053596496582
0.000367879867554
0.000240087509155
0.000730991363525
0.000743865966797
0.00068211555481
8.01086425781e-05
0.000466823577881
0.000492811203003
0.000524044036865
0.000365018844604
0.000236988067627
0.000484943389893
0.000489950180054
0.000523090362549
0.000360012054443
0.000236988067627
0.000474214553833
0.000489950180054
0.000540018081665
0.000360012054443
0.000236988067627
0.000217914581299
0.000216960906982
0.000264167785645
0.000262975692749
0.000524044036865
0.00049090385437
0.000466108322144
0.000395059585571
0.000241994857788
0.000521898269653
0.000516891479492
0.00047492980957
0.000371932983398
0.000236034393311
0.000217199325562
0.000213146209717
0.000241994857788
0.000245809555054
0.000543117523193
0.000534057617188
0.000504016876221
0.000377893447876
0.000241041183472
0.000541925430298
0.000522136688232
0.000505924224854
0.000380992889404
0.000242948532104
7.79628753662e-05
0.000240087509155
7.20024108887e-05
0.000591039657593
0.000595092773438
0.000608921051025
0.000401973724365
7.39097595215e-05
7.29560852051e-05
0.000245094299316
0.000257015228271
0.000245094299316
0.000393152236938
0.000222206115723
0.000216007232666
0.00073504447937
0.000743865966797
0.000690937042236
8.51154327393e-05
7.29560852051e-05
0.000493049621582
0.000489950180054
0.000541925430298
0.000366926193237
0.000241041183472
0.000744819641113
0.000743865966797
0.000688076019287
8.10623168945e-05
0.00046706199646
0.000488996505737
0.000523090362549
0.000364065170288
0.00023889541626
0.000463962554932
0.000488996505737
0.000530004501343
0.000363826751709
0.000240087509155
0.000464916229248
0.000489950180054
0.000519990921021
0.00036096572876
0.000240087509155
0.000506162643433
0.000243902206421
0.000216007232666
0.000733137130737
0.000740051269531
0.000684022903442
7.9870223999e-05
7.00950622559e-05
0.000465869903564
0.000483989715576
0.000520944595337
0.000369071960449
0.000244140625
0.000732898712158
0.000747919082642
0.000687122344971
8.01086425781e-05
0.00046706199646
0.00050687789917
0.00056791305542
0.000367879867554
0.000239849090576
0.000464916229248
0.000488996505737
0.000521898269653
0.000372886657715
0.000254154205322
0.000466823577881
0.000505208969116
0.000531911849976
0.000359058380127
0.000239133834839
0.000219821929932
0.000219106674194
0.000734090805054
0.000740051269531
0.000679969787598
0.000108003616333
8.48770141602e-05
0.000468015670776
0.000487089157104
0.000524044036865
0.000365972518921
0.000241994857788
0.000752925872803
0.000738859176636
0.000710010528564
8.20159912109e-05
0.000463962554932
0.000483989715576
0.000520944595337
0.00036096572876
0.000255823135376
0.000464916229248
0.000485897064209
0.000545024871826
0.000378847122192
0.000240087509155
0.000464916229248
0.000488042831421
0.000519037246704
0.000360012054443
0.000236034393311
0.000216960906982
0.000214099884033
0.000263929367065
0.000261068344116
0.000526189804077
0.000485897064209
0.000455856323242
0.000358104705811
0.000236034393311
0.000520944595337
0.000485897064209
0.000455141067505
0.000357866287231
0.000245094299316
0.000219106674194
0.000233888626099
0.00072717666626
0.000737905502319
0.000695943832397
0.000179052352905
0.000149965286255
0.000469923019409
0.000494956970215
0.000525951385498
0.000365018844604
0.000239133834839
0.000727891921997
0.000766038894653
0.000808000564575
9.08374786377e-05
0.000507831573486
0.000523090362549
0.00056004524231
0.00039005279541
0.000255107879639
0.000498056411743
0.000535011291504
0.000555992126465
0.000396013259888
0.000254154205322
0.000498056411743
0.000520944595337
0.000557899475098
0.000382900238037
0.000253200531006
0.000231027603149
0.000231027603149
0.000281810760498
0.000281810760498
0.000563859939575
0.000520944595337
0.000488042831421
0.000385046005249
0.000252962112427
0.000553131103516
0.000520944595337
0.000484943389893
0.000384092330933
0.000257968902588
0.000245094299316
0.000231027603149
0.000787973403931
0.000792026519775
0.000730037689209
8.51154327393e-05
7.70092010498e-05
0.000501871109009
0.000532150268555
0.000566959381104
0.000393152236938
0.000256061553955
0.00078296661377
0.000792980194092
0.000732898712158
9.20295715332e-05
0.000502109527588
0.000519037246704
0.000557899475098
0.000386953353882
0.000253915786743
0.00049901008606
0.000524044036865
0.000555992126465
0.000386953353882
0.000255107879639
0.000498056411743
0.000515937805176
0.000539064407349
0.000360012054443
0.000236988067627
0.000220060348511
0.000216960906982
0.000264883041382
0.000266075134277
0.00053596496582
0.00049090385437
0.00047492980957
0.00036096572876
0.000236988067627
0.000520944595337
0.000488042831421
0.000457048416138
0.000358819961548
0.000241041183472
0.000217914581299
0.000212907791138
0.000244140625
0.000243902206421
0.000541210174561
0.000543832778931
0.000524997711182
0.000380992889404
0.000241994857788
0.000541925430298
0.000524997711182
0.000505924224854
0.000379085540771
0.000245094299316
0.000216960906982
0.000216007232666
0.000728845596313
0.000740051269531
0.000693082809448
8.20159912109e-05
7.20024108887e-05
0.000468015670776
0.000487089157104
0.000522136688232
0.000365972518921
0.000239133834839
0.000746011734009
0.000745058059692
0.000680923461914
7.91549682617e-05
0.000469923019409
0.000484943389893
0.000524997711182
0.000361919403076
0.000237226486206
0.000465869903564
0.000489950180054
0.000524044036865
0.000359773635864
0.000236988067627
0.000484943389893
0.000488042831421
0.000519990921021
0.000368118286133
0.000237226486206
0.000218868255615
0.00021505355835
0.000263929367065
0.000292062759399
0.00052285194397
0.000497102737427
0.000454902648926
0.000359058380127
0.000236034393311
0.000517845153809
0.000487089157104
0.000453948974609
0.000363111495972
0.000236988067627
0.000216007232666
0.00022292137146
0.000263929367065
0.000241994857788
0.000541925430298
0.000521183013916
0.000505924224854
0.00037693977356
0.000263929367065
0.000557899475098
0.000522136688232
0.000505924224854
0.000377893447876
0.000243186950684
0.000241994857788
8.60691070557e-05
0.000265836715698
0.000244855880737
0.000255107879639
0.000246047973633
0.000689029693604
0.000611066818237
0.000668048858643
0.000326156616211
0.000214815139771
0.000690937042236
0.000611066818237
0.000739097595215
0.000350952148438
0.000212907791138
0.000582933425903
0.000216007232666
0.000242948532104
0.000248908996582
0.000242948532104
0.000241994857788
0.000247001647949
0.00068187713623
0.000618934631348
0.000670909881592
0.000324964523315
0.000212907791138
0.000675916671753
0.000602960586548
0.000693082809448
0.000327110290527
0.000211954116821
0.000579833984375
0.000244855880737
0.000244140625
0.000241041183472
0.000241994857788
0.000698089599609
0.000607013702393
0.000746965408325
0.000349998474121
0.000227928161621
0.000726222991943
0.000647068023682
0.000711917877197
0.00035285949707
0.000233173370361
0.000319004058838
0.000261068344116
0.0002601146698
0.000257015228271
0.000725984573364
0.000648975372314
0.000725030899048
0.000352144241333
0.000226974487305
0.00072193145752
0.000647068023682
0.000720977783203
0.000349998474121
0.000226020812988
0.000627040863037
0.000262975692749
0.000259160995483
0.000258922576904
0.000263929367065
0.000720024108887
0.000647068023682
0.000723123550415
0.000346899032593
0.000226974487305
0.00072717666626
0.000648975372314
0.000711917877197
0.000349998474121
0.000228881835938
0.000263929367065
0.0002601146698
0.000262022018433
0.000258922576904
0.000730991363525
0.000637054443359
0.000672101974487
0.000324010848999
0.000211000442505
0.000673055648804
0.000607967376709
0.000669002532959
0.000325918197632
0.000212907791138
0.000216960906982
0.000212907791138
0.000245094299316
0.000242948532104
0.000518798828125
0.000563144683838
0.000715017318726
0.000359058380127
0.000247001647949
0.000519037246704
0.000578880310059
0.000711917877197
0.000354051589966
0.000247001647949
0.000241994857788
0.000268936157227
